10,94
10,276
10,72
10,274
10,246
10,130
10,290
11,18
11,8
11,4
11,16
11,26
11,14
11,22
11,6
9,6
9,4
8,7
137,4
137,3
137,2
137,1
137,0
135,5
135,4
135,3
135,2
135,1
135,0
134,4
134,3
134,2
134,1
134,0
133,4
133,3
133,2
133,1
133,0
132,4
132,3
132,2
132,1
132,0
39,3
39,2
39,1
20,3
20,2
20,1
19,3
19,2
19,1
12,3
12,2
12,1
11,29
11,27
11,25
11,23
11,21
11,19
11,17
11,13
11,11
11,9
11,7
11,3
11,2
11,1
10,297
10,295
10,289
10,287
10,259
10,255
10,249
10,231
10,227
10,205
10,203
10,201
10,193
10,181
10,173
18,1
10,167
10,91
10,83
10,79
10,77
10,9
10,5
10,3
18,3
10,2
14,1
10,1
9,7
9,5
9,3
14,3
13,1
9,2
9,1
8,18
8,16
8,15
13,3
8,14
8,13
8,12
8,10
8,9
8,8
8,6
